68
99
299
44
303
228
141
370
187
454
296
214
494
120
125
117
233
165
246
101
462
150
236
446
327
487
234
160
318
80
295
294
329
11
457
332
90
474
243
194
229
192
58
241
216
78
133
175
498
106
153
468
135
70
105
439
431
12
424
116
209
63
478
417
401
473
15
293
495
324
465
405
267
26
25
252
55
177
98
472
399
145
16
43
337
354
377
479
69
29
486
122
104
181
190
21
23
313
493
306
108
172
17
179
225
297
2
22
272
110
361
59
129
24
39
41
94
348
220
316
37
168
434
310
357
38
174
436
235
221
353
416
437
71
406
331
284
381
274
250
480
385
259
151
326
86
188
111
184
280
488
92
413
456
349
217
315
368
40
82
362
338
305
489
136
191
211
232
212
469
345
298
231
360
258
34
45
247
132
292
54
30
196
224
170
323
148
255
341
308
14
359
404
402
227
146
339
309
143
254
119
18
442
476
131
112
123
482
499
427
114
107
178
157
102
219
32
95
346
121
273
378
269
500
444
223
363
467
458
137
36
279
366
87
352
355
53
300
393
420
5
421
76
452
317
183
1
42
260
275
286
7
365
291
19
425
154
311
249
432
226
208
35
198
396
244
195
240
314
66
496
149
384
128
210
491
74
67
336
60
10
64
288
369
426
367
65
373
328
307
262
197
387
140
333
88
239
372
394
477
49
144
371
340
351
218
289
248
450
390
282
302
410
453
51
242
81
277
173
6
438
199
176
155
180
418
320
147
429
73
356
428
415
435
304
33
409
237
256
89
85
440
13
484
72
83
202
276
407
455
130
75
395
376
460
62
375
245
31
411
481
423
392
222
433
20
156
169
84
127
383
205
96
400
171
142
167
48
285
374
52
97
325
166
422
334
161
139
278
389
93
380
322
124
109
287
204
379
475
253
391
263
193
79
398
419
115
8
266
57
251
91
47
382
459
464
103
388
265
408
238
261
330
203
100
270
186
61
163
347
4
492
201
77
445
403
290
497
461
3
27
281
364
271
207
126
182
113
414
412
189
449
185
448
268
138
397
152
28
301
50
321
215
46
466
485
134
342
164
56
463
335
213
430
451
283
441
200
350
9
471
264
343
158
483
358
490
344
206
159
257
443
312
230
319
470
118
386
162
447
68
99
299
44
303
228
141
370
187
454
296
214
494
120
125
117
233
165
246
101
462
150
236
446
327
487
234
160
318
80
295
294
329
11
457
332
90
474
243
194
229
192
58
241
216
78
133
175
498
106
153
468
135
70
105
439
431
12
424
116
209
63
478
417
401
473
15
293
495
324
465
405
267
26
25
252
55
177
98
472
399
145
16
43
337
354
377
479
69
29
486
122
104
181
190
21
23
313
493
306
108
172
17
179
225
297
2
22
272
110
361
59
129
24
39
41
94
348
220
316
37
168
434
310
357
38
174
436
235
221
353
416
437
71
406
331
284
381
274
250
480
385
259
151
326
86
188
111
184
280
488
92
413
456
349
217
315
368
40
82
362
338
305
489
136
191
211
232
212
469
345
298
231
360
258
34
45
247
132
292
54
30
196
224
170
323
148
255
341
308
14
359
404
402
227
146
339
309
143
254
119
18
442
476
131
112
123
482
499
427
114
107
178
157
102
219
32
95
346
121
273
378
269
500
444
223
363
467
458
137
36
279
366
87
352
355
53
300
393
420
5
421
76
452
317
183
1
42
260
275
286
7
365
291
19
425
154
311
249
432
226
208
35
198
396
244
195
240
314
66
496
149
384
128
210
491
74
67
336
60
10
64
288
369
426
367
65
373
328
307
262
197
387
140
333
88
239
372
394
477
49
144
371
340
351
218
289
248
450
390
282
302
410
453
51
242
81
277
173
6
438
199
176
155
180
418
320
147
429
73
356
428
415
435
304
33
409
237
256
89
85
440
13
484
72
83
202
276
407
455
130
75
395
376
460
62
375
245
31
411
481
423
392
222
433
20
156
169
84
127
383
205
96
400
171
142
167
48
285
374
52
97
325
166
422
334
161
139
278
389
93
380
322
124
109
287
204
379
475
253
391
263
193
79
398
419
115
8
266
57
251
91
47
382
459
464
103
388
265
408
238
261
330
203
100
270
186
61
163
347
4
492
201
77
445
403
290
497
461
3
27
281
364
271
207
126
182
113
414
412
189
449
185
448
268
138
397
152
28
301
50
321
215
46
466
485
134
342
164
56
463
335
213
430
451
283
441
200
350
9
471
264
343
158
483
358
490
344
206
159
257
443
312
230
319
470
118
386
162
447

